double PCAComponents[][] = {{ 0.52774618, -0.25805348,  0.57918428,  0.56518841},
       {-0.36035636, -0.930657  , -0.03417854, -0.05341035},
       {-0.70216136,  0.23022895,  0.0909037 ,  0.6676081 }};

double SVMAlphaVector[][] = {{-1       , -1       , -1       , -1       , -0.54987961,
        -1       , -1       , -1       ,  1       ,  0.86639758,
         1       ,  0.68348203,  1       ,  1       ,  1       ,
         1       ,  0       ,  0       ,  0       ,  0       ,
         0       ,  0       ,  0       ,  0       ,  0       ,
         0       ,  0       ,  0       ,  0       ,  0       ,
         0       ,  0       ,  0       ,  0       ,  0       ,
         0       ,  0       ,  0       ,  0       ,  0       ,
         0       ,  0       ,  0       ,  0       ,  0       ,
         0       ,  0       ,  0       ,  0       ,  0       ,
         0       ,  0       ,  0       ,  0       ,  0       ,
         0       ,  0       ,  0       ,  0       ,  0       ,
         0       ,  0       ,  0       ,  0       ,  0       ,
         0       ,  0       ,  0       ,  0       ,  0       ,
         0       ,  0       ,  0       ,  0       ,  0       ,
         0       ,  0       ,  0       ,  0       ,  0       ,
         0       ,  0       ,  0       ,  0       ,  0       ,
         0       ,  0       ,  0       ,  0       ,  0       ,
         0       ,  0       ,  0       ,  0       ,  0       ,
         0       ,  0       ,  0       ,  0       ,  0       ,
         0       ,  0       ,  0       ,  0       ,  0       ,
         0       ,  0       ,  0       ,  0       ,  0       ,
         0       ,  0       ,  0       ,  0       ,  0       ,
         0       ,  0       ,  0       ,  0       ,  0       ,
         0       ,  0       ,  0       ,  0       ,  0       ,
         0       ,  0       ,  0       ,  0       ,  0       ,
         0       ,  0       ,  0       ,  0       ,  0       ,
         0       ,  0       ,  0       ,  0       ,  0       ,
         0       ,  0       },
       { 0       ,  0       ,  0       ,  0       ,  0       ,
         0       ,  0       ,  0       ,  0       ,  0       ,
         0       ,  0       ,  0       ,  0       ,  0       ,
         0       , -1       , -1       , -1       , -1       ,
        -1       , -1       , -1       , -1       , -1       ,
        -0.76913236, -1       , -1       , -1       , -1       ,
        -1       , -1       , -1       , -1       , -1       ,
        -1       , -1       , -1       , -1       , -1       ,
        -1       , -1       , -1       , -1       , -1       ,
        -1       , -0.13822392,  1       ,  1       ,  1       ,
         1       ,  1       ,  1       ,  0.90735628,  1       ,
         1       ,  1       ,  1       ,  1       ,  1       ,
         1       ,  1       ,  1       ,  1       ,  1       ,
         1       ,  1       ,  1       ,  1       ,  1       ,
         1       ,  1       ,  1       ,  1       ,  1       ,
         1       ,  1       ,  0       ,  0       ,  0       ,
         0       ,  0       ,  0       ,  0       ,  0       ,
         0       ,  0       ,  0       ,  0       ,  0       ,
         0       ,  0       ,  0       ,  0       ,  0       ,
         0       ,  0       ,  0       ,  0       ,  0       ,
         0       ,  0       ,  0       ,  0       ,  0       ,
         0       ,  0       ,  0       ,  0       ,  0       ,
         0       ,  0       ,  0       ,  0       ,  0       ,
         0       ,  0       ,  0       ,  0       ,  0       ,
         0       ,  0       ,  0       ,  0       ,  0       ,
         0       ,  0       ,  0       ,  0       ,  0       ,
         0       ,  0       ,  0       ,  0       ,  0       ,
         0       ,  0       ,  0       ,  0       ,  0       ,
         0       ,  0       },
       { 0       ,  0       ,  0       ,  0       ,  0       ,
         0       ,  0       ,  0       ,  0       ,  0       ,
         0       ,  0       ,  0       ,  0       ,  0       ,
         0       ,  0       ,  0       ,  0       ,  0       ,
         0       ,  0       ,  0       ,  0       ,  0       ,
         0       ,  0       ,  0       ,  0       ,  0       ,
         0       ,  0       ,  0       ,  0       ,  0       ,
         0       ,  0       ,  0       ,  0       ,  0       ,
         0       ,  0       ,  0       ,  0       ,  0       ,
         0       ,  0       ,  0       ,  0       ,  0       ,
         0       ,  0       ,  0       ,  0       ,  0       ,
         0       ,  0       ,  0       ,  0       ,  0       ,
         0       ,  0       ,  0       ,  0       ,  0       ,
         0       ,  0       ,  0       ,  0       ,  0       ,
         0       ,  0       ,  0       ,  0       ,  0       ,
         0       ,  0       , -0.02165922, -1       ,  0.18488444,
         0.83677478,  0       ,  0       ,  0       ,  0       ,
         0       ,  0       ,  0       ,  0       ,  0       ,
         0       ,  0       ,  0       ,  0       ,  0       ,
         0       ,  0       ,  0       ,  0       ,  0       ,
         0       ,  0       ,  0       ,  0       ,  0       ,
         0       ,  0       ,  0       ,  0       ,  0       ,
         0       ,  0       ,  0       ,  0       ,  0       ,
         0       ,  0       ,  0       ,  0       ,  0       ,
         0       ,  0       ,  0       ,  0       ,  0       ,
         0       ,  0       ,  0       ,  0       ,  0       ,
         0       ,  0       ,  0       ,  0       ,  0       ,
         0       ,  0       ,  0       ,  0       ,  0       ,
         0       ,  0       },
       { 0       ,  0       ,  0       ,  0       ,  0       ,
         0       ,  0       ,  0       ,  0       ,  0       ,
         0       ,  0       ,  0       ,  0       ,  0       ,
         0       ,  0       ,  0       ,  0       ,  0       ,
         0       ,  0       ,  0       ,  0       ,  0       ,
         0       ,  0       ,  0       ,  0       ,  0       ,
         0       ,  0       ,  0       ,  0       ,  0       ,
         0       ,  0       ,  0       ,  0       ,  0       ,
         0       ,  0       ,  0       ,  0       ,  0       ,
         0       ,  0       ,  0       ,  0       ,  0       ,
         0       ,  0       ,  0       ,  0       ,  0       ,
         0       ,  0       ,  0       ,  0       ,  0       ,
         0       ,  0       ,  0       ,  0       ,  0       ,
         0       ,  0       ,  0       ,  0       ,  0       ,
         0       ,  0       ,  0       ,  0       ,  0       ,
         0       ,  0       ,  0       ,  0       ,  0       ,
         0       , -1       , -1       , -1       , -1       ,
        -1       , -1       , -1       , -1       , -1       ,
        -0.76913236, -1       , -1       , -1       , -1       ,
        -1       , -1       , -1       , -1       , -1       ,
        -1       , -1       , -1       , -1       , -1       ,
        -1       , -1       , -1       , -1       , -1       ,
        -1       , -0.13822392,  1       ,  1       ,  1       ,
         1       ,  1       ,  1       ,  0.90735628,  1       ,
         1       ,  1       ,  1       ,  1       ,  1       ,
         1       ,  1       ,  1       ,  1       ,  1       ,
         1       ,  1       ,  1       ,  1       ,  1       ,
         1       ,  1       ,  1       ,  1       ,  1       ,
         1       ,  1       }};

double SVMSupportVector[][] = {{ 1.26104561,  1.69940296, -0.21661027},
       { 1.36461567, -0.3445286 ,  0.20814909},
       { 1.38670392, -0.59725493,  0.33267259},
       { 1.05234193, -0.00546428,  0.36544695},
       { 1.45075462,  0.10563914,  0.1907277 },
       { 0.9965195 ,  0.07223877,  0.53410964},
       { 1.84756408, -0.45644523, -0.63551668},
       { 1.12954663,  0.34141013, -0.14442618},
       { 1.22167964,  1.62731712, -0.4002129 },
       { 0.28835358,  0.30784371,  0.64160899},
       { 1.25936638,  0.15032465, -0.64258216},
       { 0.49129258, -0.76604925,  0.45546547},
       { 1.36872022, -0.24476331, -0.19214048},
       { 0.70322273,  0.26915824,  0.11462442},
       { 1.07011625, -0.43097029, -0.32912246},
       { 1.25285654, -0.51616295, -0.47786523},
       { 1.86925082, -0.21287946,  0.43869812},
       { 2.26926765, -0.31470698, -0.56792611},
       { 1.5616734 ,  0.93258903,  0.04380156},
       { 1.26104561,  1.69940296, -0.21661027},
       {-1.99820827,  0.49074933, -0.0997955 },
       {-2.47122916,  0.91630606,  0.13472586},
       {-2.14921909,  0.57406959,  0.05392725},
       { 1.49010048,  0.48277718,  1.0304635 },
       { 1.86020137,  0.24290549,  0.40633679},
       { 1.36461567, -0.3445286 ,  0.20814909},
       { 1.05234193, -0.00546428,  0.36544695},
       { 1.87978922, -0.32251708,  0.09924487},
       { 1.27702458,  1.17001565,  0.60636896},
       { 1.60245231,  0.47493168,  0.08114287},
       {-1.82190183,  0.61495957, -0.30937461},
       { 1.45075462,  0.10563914,  0.1907277 },
       {-2.04349231,  0.45881476, -0.27058606},
       { 2.39566974, -0.15294496, -0.6216546 },
       { 1.98087658,  0.76163104, -0.32022328},
       {-2.18617976,  1.06870606,  0.10589727},
       { 0.9965195 ,  0.07223877,  0.53410964},
       {-1.74292281,  2.25688622, -0.19723309},
       {-1.93144687,  0.69323528, -0.07417263},
       {-2.07783737,  0.7070692 , -0.24709104},
       { 1.84756408, -0.45644523, -0.63551668},
       { 2.8381638 , -0.29326812, -0.74336962},
       {-2.2749343 ,  0.86492036,  0.15179366},
       { 2.18562911, -0.45217848, -0.11888931},
       { 3.23525864,  0.09355241, -0.57578479},
       { 1.12954663,  0.34141013, -0.14442618},
       {-2.38898446,  0.45360415,  0.25354639},
       { 0.49136858,  0.10984128,  0.22991222},
       { 0.07657542,  1.02441727,  0.53134353},
       { 0.17525749,  1.54184307, -0.12369727},
       { 0.33713128,  0.86282129,  0.1424188 },
       { 0.28835358,  0.30784371,  0.64160899},
       { 0.20509743,  0.80399671, -0.28064153},
       {-0.2977634 ,  1.9673998 ,  0.1108241 },
       { 0.2827218 ,  0.41078115,  0.16482017},
       { 0.61265466,  0.2052891 , -0.22695669},
       {-0.37416602,  1.51405991,  0.20474474},
       { 1.25936638,  0.15032465, -0.64258216},
       {-0.41442916,  1.80246562,  0.24105183},
       { 0.49129258, -0.76604925,  0.45546547},
       { 1.36872022, -0.24476331, -0.19214048},
       { 0.70322273,  0.26915824,  0.11462442},
       { 0.51485067,  0.45728835, -0.21342162},
       { 0.288029  ,  0.7939076 , -0.11768308},
       { 0.66437254,  0.02782076,  0.00467019},
       { 0.13432658,  0.24771938,  0.29006793},
       { 0.30801742,  0.61831166,  0.10896382},
       { 1.07011625, -0.43097029, -0.32912246},
       { 0.94640577,  0.03677617, -0.52942222},
       { 0.20960255,  1.29358863, -0.14719229},
       { 0.90173261, -0.41843612, -0.4305216 },
       { 1.25285654, -0.51616295, -0.47786523},
       { 0.44213199,  1.72992245,  0.00830473},
       { 0.03270434,  0.46273951,  0.21429166},
       { 0.77071021, -0.5107118 , -0.05015194},
       { 0.75312709,  0.23160646, -0.0412262 },
       { 0.89911701, -0.17205408, -0.4020466 },
       {-0.37416602,  1.51405991,  0.20474474},
       {-0.41442916,  1.80246562,  0.24105183},
       {-1.81424623, -0.44099878,  0.29084406},
       {-1.74292281,  2.25688622, -0.19723309},
       { 1.86925082, -0.21287946,  0.43869812},
       { 2.26926765, -0.31470698, -0.56792611},
       { 1.5616734 ,  0.93258903,  0.04380156},
       { 1.26104561,  1.69940296, -0.21661027},
       {-1.99820827,  0.49074933, -0.0997955 },
       {-2.47122916,  0.91630606,  0.13472586},
       {-2.14921909,  0.57406959,  0.05392725},
       { 1.49010048,  0.48277718,  1.0304635 },
       { 1.86020137,  0.24290549,  0.40633679},
       { 1.36461567, -0.3445286 ,  0.20814909},
       { 1.05234193, -0.00546428,  0.36544695},
       { 1.87978922, -0.32251708,  0.09924487},
       { 1.27702458,  1.17001565,  0.60636896},
       { 1.60245231,  0.47493168,  0.08114287},
       {-1.82190183,  0.61495957, -0.30937461},
       { 1.45075462,  0.10563914,  0.1907277 },
       {-2.04349231,  0.45881476, -0.27058606},
       { 2.39566974, -0.15294496, -0.6216546 },
       { 1.98087658,  0.76163104, -0.32022328},
       {-2.18617976,  1.06870606,  0.10589727},
       { 0.9965195 ,  0.07223877,  0.53410964},
       {-1.74292281,  2.25688622, -0.19723309},
       {-1.93144687,  0.69323528, -0.07417263},
       {-2.07783737,  0.7070692 , -0.24709104},
       { 1.84756408, -0.45644523, -0.63551668},
       { 2.8381638 , -0.29326812, -0.74336962},
       {-2.2749343 ,  0.86492036,  0.15179366},
       { 2.18562911, -0.45217848, -0.11888931},
       { 3.23525864,  0.09355241, -0.57578479},
       { 1.12954663,  0.34141013, -0.14442618},
       {-2.38898446,  0.45360415,  0.25354639},
       { 0.49136858,  0.10984128,  0.22991222},
       { 0.07657542,  1.02441727,  0.53134353},
       { 0.17525749,  1.54184307, -0.12369727},
       { 0.33713128,  0.86282129,  0.1424188 },
       { 0.28835358,  0.30784371,  0.64160899},
       { 0.20509743,  0.80399671, -0.28064153},
       {-0.2977634 ,  1.9673998 ,  0.1108241 },
       { 0.2827218 ,  0.41078115,  0.16482017},
       { 0.61265466,  0.2052891 , -0.22695669},
       {-0.37416602,  1.51405991,  0.20474474},
       { 1.25936638,  0.15032465, -0.64258216},
       {-0.41442916,  1.80246562,  0.24105183},
       { 0.49129258, -0.76604925,  0.45546547},
       { 1.36872022, -0.24476331, -0.19214048},
       { 0.70322273,  0.26915824,  0.11462442},
       { 0.51485067,  0.45728835, -0.21342162},
       { 0.288029  ,  0.7939076 , -0.11768308},
       { 0.66437254,  0.02782076,  0.00467019},
       { 0.13432658,  0.24771938,  0.29006793},
       { 0.30801742,  0.61831166,  0.10896382},
       { 1.07011625, -0.43097029, -0.32912246},
       { 0.94640577,  0.03677617, -0.52942222},
       { 0.20960255,  1.29358863, -0.14719229},
       { 0.90173261, -0.41843612, -0.4305216 },
       { 1.25285654, -0.51616295, -0.47786523},
       { 0.44213199,  1.72992245,  0.00830473},
       { 0.03270434,  0.46273951,  0.21429166},
       { 0.77071021, -0.5107118 , -0.05015194},
       { 0.75312709,  0.23160646, -0.0412262 },
       { 0.89911701, -0.17205408, -0.4020466 }};

double SVMIntercept[] = { 2.76939408, -0.93406893, -1.39683645, -0.93406893};

