double input0[] = { 78.157  ,  77.093  ,  80.283  ,  80.017  ,  78.422  ,  75.764  ,
        71.245  ,  68.852  ,  67.257  ,  63.801  ,  60.877  ,  57.687  ,
        56.092  ,  53.434  ,  52.37   ,  44.661  ,  40.142  ,  35.888  ,
        29.242  ,  24.989  ,  17.811  ,  12.229  ,   5.8485 ,  -4.2534 ,
        -7.1776 , -10.102  , -14.887  , -20.204  , -23.394  , -30.571  ,
       -34.825  , -40.673  , -41.205  , -42.8    , -42.003  , -36.686  ,
       -28.976  , -24.989  , -20.735  , -20.47   , -19.406  , -21.799  ,
       -26.584  , -26.85   , -32.964  , -24.989  , -21.799  , -18.343  ,
       -14.355  , -11.165  ,  -7.7093 ,  -2.1267 ,  -1.595  ,   0    ,
         2.3925 ,   8.241  ,   7.7093 ,   7.9752 ,   3.1901 ,   2.3925 ,
        -0.79752,  -5.5826 ,  -4.5193 ,  -9.0385 , -10.899  , -17.28   ,
       -22.33   , -28.445  , -32.698  , -34.825  , -35.357  , -37.483  ,
       -40.407  , -42.003  , -44.661  , -42.8    , -41.471  , -37.749  ,
       -32.432  , -23.925  , -18.875  , -20.204  , -18.343  , -22.596  ,
       -27.116  , -27.647  , -27.381  , -29.508  , -26.85   , -28.445  ,
       -31.103  , -31.901  , -36.952  , -39.344  , -40.939  , -42.003  ,
       -41.205  , -46.788  , -47.585  , -45.99   };

double input1[] = {3433, 3452.2, 3459.6, 3453.8, 3413.6, 3386.3, 3377.2, 3380.4,
       3413.1, 3445.8, 3456.2, 3453.2, 3426.9, 3388.6, 3378.3, 3377.7,
       3396.4, 3437.3, 3449.3, 3449.8, 3436.5, 3389.4, 3374, 3369,
       3377.7, 3418.7, 3439.2, 3444.2, 3440.5, 3398.5, 3370, 3361.5,
       3364.5, 3396.4, 3428.3, 3439.7, 3440.5, 3414.4, 3376.9, 3365,
       3365.5, 3383.1, 3424.3, 3438.1, 3439.2, 3427.5, 3381.5, 3366.8,
       3366, 3373.2, 3417.6, 3440.8, 3445.5, 3440.8, 3402.2, 3376.7,
       3368.7, 3370.3, 3403, 3433.8, 3442.1, 3438.6, 3412.8, 3373.8,
       3362.3, 3360.5, 3379.1, 3418.7, 3431.4, 3434.1, 3420.3, 3375.4,
       3358.9, 3357.5, 3364.2, 3407, 3429.6, 3433.6, 3430.6, 3392.4,
       3364.5, 3357.8, 3363.9, 3393.4, 3425.9, 3437.3, 3438.9, 3411.5,
       3375.4, 3363.9, 3361.8, 3382.3, 3422.9, 3437.8, 3440.2, 3429.1,
       3383.6, 3366.3, 3362.3, 3370.6};

double input2[] = {50.509 , 52.636 , 59.814 , 60.345 , 61.94  , 61.409 , 55.826 ,
       52.636 , 51.839 , 49.446 , 50.509 , 47.851 , 49.712 , 52.902 ,
       50.244 , 45.458 , 43.598 , 44.661 , 45.724 , 48.648 , 47.585 ,
       43.066 , 41.471 , 37.217 , 38.812 , 38.812 , 36.952 , 35.357 ,
       36.686 , 30.04  , 28.445 , 23.925 , 22.065 , 19.14  , 17.545 ,
       21.799 , 27.116 , 26.85  , 32.698 , 31.635 , 32.964 , 31.635 ,
       31.103 , 29.774 , 28.711 , 35.091 , 35.888 , 39.876 , 44.395 ,
       46.788 , 49.446 , 50.244 , 50.244 , 52.104 , 55.56  , 57.687 ,
       54.763 , 52.37  , 50.775 , 47.851 , 44.661 , 39.078 , 35.357 ,
       30.571 , 29.242 , 26.584 , 24.723 , 23.925 , 19.406 , 22.862 ,
       27.116 , 31.635 , 35.091 , 34.825 , 33.496 , 33.496 , 28.445 ,
       28.445 , 30.837 , 36.952 , 36.952 , 34.027 , 31.635 , 26.052 ,
       22.862 , 22.596 , 21.001 , 21.001 , 21.533 , 19.14  , 18.343 ,
       16.482 , 16.482 , 18.343 , 15.684 , 14.887 ,  9.3044,  4.7851,
        0   , -1.0634};

